
0  1  2  3  4  5  6  7  8  9  10 11 12 13 14 15 16 17 18 19 20 21 22 23 24 25 26 27 28 29 30 31 32 33 34 35 36 37 38 39 40 41 42 43 44 45 46 47 48 49 50 51 52 53 54 55 56 57 58
G  G  C  U  U  C  C  U  G  G  U  A  C  U  U  A  C  C  A  C  A  G  U  C  U  G  U  A  U  U  C  U  U  A  C  A  C  U  G  A  C  U  G  U  A  U  A  G  A  A  A  G  A  G  G  A  G  G  C 
.  (  (  (  (  (  (  (  .  .  .  .  (  (  .  .  .  .  (  (  (  (  (  (  (  (  (  (  .  .  .  .  )  )  )  )  .  .  )  )  )  )  )  )  .  .  )  )  .  .  .  .  )  )  )  )  )  )  )


Arestas:

[(0, 1), (1, 2), (1, 58), (2, 3), (2, 57), (3, 4), (3, 56), (4, 5), (4, 55), (5, 6), (5, 54), (6, 7), (6, 53), (7, 8), (7, 52), (8, 9), (9, 10), 
(10, 11), (11, 12), (12, 13), (12, 47), (13, 14), (13, 46), (14, 15), (15, 16), (16, 17), (17, 18), (18, 19), (18, 43), (19, 20), (19, 42), (20, 21), (20, 41), 
(21, 22), (21, 40), (22, 23), (22, 39), (23, 24), (23, 38), (24, 25), (24, 35), (25, 26), (25, 34), (26, 27), (26, 33), (27, 28), (27, 32), (28, 29), (29, 30), 
(30, 31), (31, 32), (32, 33), (33, 34), (34, 35), (35, 36), (36, 37), (37, 38), (38, 39), (39, 40), (40, 41), (41, 42), (42, 43), (43, 44), (44, 45), (45, 46), 
(46, 47), (47, 48), (48, 49), (49, 50), (50, 51), (51, 52), (52, 53), (53, 54), (54, 55), (55, 56), (56, 57), (57, 58)])